converged with: 8 iterations
The running time is: 0.21561431884765625 s
The optimal value： [0.00025505]
The optimal solution： [[-2.37698181e-05  1.30082511e-05  2.19644142e-05  1.10074080e-05
   2.72799117e-05  8.72658057e-05  5.39342215e-07  2.79713402e-05
  -5.63496442e-05  4.40451842e-05 -1.41766226e-06 -4.31635413e-05
  -1.03730280e-05  2.69644337e-06 -3.45487226e-05  6.36386557e-05
   4.43454714e-06  9.06683325e-06 -1.91074558e-05 -2.58439997e-04
  -1.02398209e-04 -1.03117164e-04  1.52506593e-05  1.91360863e-05
   1.36640173e-05  3.88752367e-05  1.36794324e-06  1.13916113e-05
   4.33444188e-07 -9.02148282e-05]]