converged with: 9 iterations
The running time is: 0.15999865531921387 s
The optimal value： [0.00021052]
The optimal solution： [[ 2.37596011e-06  1.98764692e-05 -4.01143421e-05 -4.21975146e-05
  -6.78945055e-06  1.44732678e-05 -1.26378925e-05  3.63153322e-06
   1.47712957e-06  4.77603510e-05  2.47994465e-05 -3.24985637e-05
   3.25635977e-05  1.84189046e-05  7.31202569e-05  2.88473894e-05
  -5.65585917e-05 -4.21791789e-06  4.14024927e-05  1.66968765e-05
  -1.39408448e-05  6.93499142e-05  1.23394659e-06  5.05665116e-05
   2.17008583e-05  3.10092476e-05  1.04870236e-05  2.36932795e-07
   1.56290403e-04  1.68790071e-04]]