converged with: 8 iterations
The running time is: 0.27846765518188477 s
The optimal value： [0.00029082]
The optimal solution： [[ 3.20953658e-07  2.46950619e-05  5.13273711e-05  2.97714885e-05
  -1.37859769e-05 -4.51461101e-05  1.38971932e-05 -1.02376940e-05
  -1.35028994e-04 -1.16510170e-04  6.66222804e-06  8.73796318e-05
   1.09994634e-05  9.58533939e-06 -3.81327393e-05  4.64212901e-05
  -4.85727687e-06 -1.09056087e-06 -2.63519167e-07 -2.84082773e-04
   1.15713928e-04  9.58653690e-06  2.86282932e-05  2.45895824e-05
   3.88960615e-05 -3.94380022e-05 -5.15907265e-05  2.45819972e-05
  -5.07222612e-05  6.13403974e-05]]